1111 ’ 11111111 saum 1011111111 ιχ

flunt 1111111, 11111111 111, 1111 11111111) 11111111 Db 111 bimi& 2111 te& 111, M

1111111111 geste 1111111111 111111 1111111111. 31111, &ie 11111 ‚ , ,
11111111,1111111111111111111111» 111 911111 fut 111 fut 11 wetzel

1111111111 ‘W ‘¹³⁸⁰ geborcn 11111· 11111111 fol, 11 et 1111111111 bet
Ritdyaesss‘ssm 1111, ist 111 1111111111 1111 1111111111 &imm W! „ab 91131111191111 '

1111, 111 1111111111 ba 1111 gemiane, 11111111 11111111111111111111111111111 11111
aad„ „mh m ww 11111 mium, οη, „mm w, 1111111111111111, 11111111111,9111111111111111111111
1111111, 1111 1111111 1111111111 11111. 1311 111 1111111111) 1111119111 ,111 1111111111ἷ1111111111111 111 111111] 1111111111
1111111111, 11 11111111111111111111 111 111111 11111111 11111511 111 111111111111111111 11111 11111111111111111 11111
{ian 111111 11111, ίῦ11 111 1111111111111 61111111 nertio 1111 1111 1111 ,11111111 ,1111 1111111 111 111111 1111111111111111
nen, 1111111111 1111111111 111 9111111111 1111111111 111. 1111111111111111 1111111 1111111 11111111 11111111 1111 1111)

11111111 gedud 1111111111, 11 1111111 11111111 sm. 111,

aad, 111111 1111111111 111111 1 oon 1111111111111 1111111111, 11 ire 11111111 1111111
11111 1111111 ist, 111 twegen 1111111111, ob 111 quid» 11111111111111111111111111111111111111111111111111111
11111111111111111111111111111111,Ευιι1111111111ᾥ1111111 11111111 111 11111111 111111, 1111111111, 11111 1111111 1111111111 ·
11111111 1111111, hurd) glauben. 11111111 1111 1111111 11111111 111·

Sum 1111111, 11111 man 11 1111111 11111111, 11111111 , 1111111 111 1111Ι 111111 11111, 1111 1111111 1111111111
111111111111111 11111111111,ὕ111111111111111111111111,111 111111 1111111111111 1111 1111111111 1111111 1111111111·
1116111111 111111 1111111111 111111, obet 11111111111111111 11111 3111111111 1111 1111111111 11111, 1111 11111111. 110111
111ῧ111111111111111111111111111111111)1111111111, 111 11911, 1111111111 111111111111111111111111, 1111111111 ,
111 1111111111 1111 11111, 111111111111111111111111111111 11111111 1111111113, 11111 1111 1111131111, 111111 1111111 11111111
fit 11 111111 111111, 11111111111111111111111 111 1111 quo 1111111 want 1111111111, 1111 1111111 111 111111
1111111111 11111111,1111111111 1111111111 Quaen 1111111111 11111111111111111111111 1111111111111111·

waben. marum 11111 1111111111111, 1111 11111111111111,

Qum «Μ, asse 11, {Qum 1η item (μω fs„ 11111 1111111111, 111 11 6111111111 1111111111, 1111
1111111111111111111, 11111111191111 11 (11111 1111111 1111 9111111111 1111 1111 1111111111 (inustum, 111 1111111 gv
111, nub 11 11111111111111 11 1111111111, 11111111 1111111111, 1111 111 11 1111111 1111 1111. 1111 1ο
&unbem 111111 [emaum qteuben, 11111111 lum 11ίέ1111 111 11131 11111111 111111111111111, 11111111 111 111 1111111 1111111·
1111111111, 1111111111, 111111 111 «11111111 11111111 911111 11111 11111111 3111111111, 11111 111111111111111 11111111
1111111. 11111 111111 1111 1111111111 1111111111 1111111 1111 6111111111, 1111111111111111111111111111,1111111111 bet
glauben 1111111111, 1111111111Ε1111111111111111111111 111 1111111 1111111111· 311111, 1111111111· 111111
1111111111. ‘nnn 111 1111111111 1111111 11111111, 111 ste 1111111111111111111111ς1111111111, &ochum 111·
11111 11111111 11111 111 11111111 Ι1111, 111111 beo 11111111 11111111 111 111 1111111 111111 111111·

1111111111, 11 111 1111111111 1111111111) 1111. , ·
11111111 abet, 1111 111 1111111111 11 11111 1111111 1111

. 3111111111, mir» 1111111111 11111111 gae 11, 111 (1111111111111111111111111111111111111111111111111,
bet 1111111111 (1111191111 11 1111111111 1111111 1111111111 11111111 1111111, 11111 1111111 1111111 1111 1111111111, 11111111,
1111. 1311111 ’9111111 1111 1111111111 1111111111 111111, 11111111 &mm 11111111111111111111111111111111111111 1111111 1111
1111111 1111111111 11111111, 111 11111111111111111111111, Qu vers 111111 111111 (1111 1111111111 11111 111 11111111 11111111 1111
mag a 111 1111111111111111, nnn one 1111111111 1111 11111 11111111111111111111111111111111111 11111
m, 11 one 11111111 111, 11111111 anem 111 111111111 1111 111111 11 Quum 111111 11111111 1111
11111111111111111, 1111 1111111 &oneo 11111111, redum 11111111·
(11111111 1111 1111111111 11111111, 111111 1111111111, 1111111 ‚
11111 gu 11111. &unbem 111111 1111111111 1111111111 11111111 111111111111111111 1111, 1111111111111111

11111111· 1111111111111111111111111
13η» 0181111, ¹³⁰⁶? ber Qasffgfbufl 512531 mmm„ 11111111, ob 1111111111 6111111111 11111111, 1111111

1119111111 1111, {0 ,1 1131111) {¹⁰⁶⁰ grone ῑῴωααῖςῑῐυῃι) 1111111 11111111111111111 111 11111111.

11111111111111111111111 'mh mum m Μ mm nm 3111 111111, 1111111 1111111111111 111 111 gemitu

 

